0 100 95 0
0 100 95 0
0 100 95 0
0 100 95 0
0 100 95 0
0 100 95 0
0 100 95 0
0 100 95 0
0 100 95 0
0 100 95 0
0 100 95 0
0 100 95 0
0 100 95 0
0 100 95 0
0 100 95 0
0 100 95 0
0 100 95 0
0 100 95 0
0 100 95 0
0 100 95 0
0 100 95 0
0 100 95 0
0 100 95 0
0 100 95 0
0 100 95 0
0 100 95 0
0 100 96 0
0 100 96 0
0 100 96 0
0 100 96 0
0 100 96 0
0 100 96 0
0 100 96 0
0 100 96 0
0 100 96 0
0 100 96 0
0 100 96 0
0 100 96 0
0 100 96 0
0 100 96 0
0 100 96 0
0 100 96 0
0 100 96 0
0 100 96 0
0 100 96 0
0 100 96 0
0 100 96 0
0 100 96 0
0 100 96 0
0 100 96 0
0 100 96 0
0 100 96 0
0 100 96 0
0 100 96 0
0 100 96 0
0 100 96 0
0 100 96 0
0 100 96 0
0 100 96 0
0 100 96 0
0 100 96 0
0 100 96 0
0 100 96 0
0 100 96 0
0 100 96 0
0 100 96 0
0 100 96 0
0 100 96 0
0 100 96 0
0 100 96 0
0 100 96 0
0 100 96 0
0 100 96 0
0 100 96 0
0 100 96 0
0 100 96 0
0 100 96 0
0 100 96 0
0 100 96 0
0 100 96 0
0 100 96 0
0 100 96 0
0 100 96 0
0 100 96 0
0 100 96 0
0 100 96 0
0 100 96 0
0 100 93 0
0 100 93 0
0 100 93 0
0 100 93 0
0 100 93 0
0 100 93 0
0 100 93 0
0 100 93 0
0 100 93 0
0 100 93 0
0 100 93 0
0 100 93 0
0 100 93 0
100 100 81 0
100 100 81 0
100 100 81 0
100 100 81 0
100 100 81 0
100 100 81 0
100 100 81 0
100 100 81 0
100 100 81 0
100 100 81 0
100 100 81 0
100 100 81 0
100 100 81 0
100 100 81 0
100 100 81 0
100 100 81 0
100 100 81 0
100 100 87 0
100 100 87 0
100 100 87 0
100 100 87 0
100 100 87 0
100 100 87 0
100 100 87 0
100 100 87 0
100 100 87 0
100 100 87 0
100 100 87 0
100 100 87 0
100 100 87 0
100 100 87 0
100 100 87 0
100 100 87 0
100 100 87 0
100 100 87 0
100 100 87 0
100 100 87 0
100 100 87 0
100 100 87 0
100 100 87 0
100 100 87 0
100 100 87 0
100 100 87 0
100 100 87 0
100 100 87 0
100 100 87 0
100 100 87 0
100 100 87 0
100 100 87 0
100 100 87 0
100 100 87 0
100 100 87 0
100 100 87 0
100 100 87 0
100 100 87 0
100 100 87 0
100 100 87 0
100 100 87 0
100 100 87 0
100 100 87 0
100 100 87 0
100 100 87 0
100 100 87 0
100 100 87 0
100 100 87 0
100 100 87 0
100 100 87 0
100 100 87 0
100 100 83 0
100 100 83 0
100 100 83 0
100 100 83 0
100 100 83 0
100 100 83 0
100 100 83 0
100 100 83 0
100 100 83 0
100 100 83 0
100 100 83 0
100 100 83 0
100 100 83 0
100 100 83 0
100 100 83 0
100 100 83 0
100 100 83 0
100 100 83 0
100 100 83 0
100 100 83 0
100 100 83 0
100 100 83 0
100 100 83 0
100 100 83 0
100 100 85 0
100 100 85 0
100 100 85 0
100 100 85 0
100 100 85 0
100 100 85 0
100 100 85 0
100 100 85 0
200 100 73 0
200 100 73 0
200 100 73 0
200 100 73 0
200 100 73 0
200 100 73 0
200 100 73 0
200 100 73 0
200 100 73 0
200 100 73 0
200 100 73 0
200 100 73 0
200 100 73 0
200 100 73 0
200 100 73 0
200 100 73 0
200 100 73 0
200 100 73 0
200 100 73 0
200 100 73 0
200 100 73 0
200 100 73 0
200 100 73 0
200 100 73 0
200 100 73 0
200 100 73 0
200 100 73 0
200 100 73 0
200 100 73 0
200 100 73 0
200 100 73 0
200 100 73 0
200 100 73 0
200 100 73 0
200 100 73 0
200 100 73 0
200 100 73 0
200 100 73 0
200 100 74 0
200 100 74 0
200 100 74 0
200 100 74 0
200 100 74 0
200 100 74 0
200 100 74 0
200 100 74 0
200 100 74 0
200 100 74 0
200 100 74 0
200 100 74 0
200 100 74 0
200 100 74 0
200 100 74 0
200 100 74 0
200 100 74 0
200 100 74 0
200 100 74 0
200 100 74 0
200 100 74 0
200 100 74 0
200 100 78 0
200 100 78 0
200 100 78 0
200 100 78 0
200 100 78 0
200 100 78 0
200 100 78 0
200 100 78 0
200 100 78 0
200 100 78 0
200 100 78 0
200 100 78 0
200 100 78 0
200 100 78 0
200 100 78 0
200 100 78 0
200 100 78 0
200 100 78 0
200 100 78 0
200 100 78 0
200 100 78 0
200 100 78 0
200 100 72 0
200 100 72 0
200 100 72 0
200 100 72 0
200 100 72 0
200 100 72 0
200 100 72 0
200 100 72 0
200 100 72 0
200 100 72 0
200 100 72 0
200 100 72 0
200 100 72 0
200 100 72 0
200 100 72 0
200 100 72 0
200 100 72 0
200 100 72 0
300 100 62 0
300 100 62 0
300 100 62 0
300 100 70 0
300 100 70 0
300 100 70 0
300 100 70 0
300 100 70 0
300 100 70 0
300 100 70 0
300 100 70 0
300 100 70 0
300 100 70 0
300 100 70 0
300 100 70 0
300 100 70 0
300 100 70 0
300 100 70 0
300 100 70 0
300 100 70 0
300 100 70 0
300 100 70 0
300 100 64 0
300 100 64 0
300 100 64 0
300 100 64 0
300 100 64 0
300 100 64 0
300 100 64 0
300 100 64 0
300 100 64 0
300 100 64 0
300 100 64 0
300 100 64 0
300 100 64 0
300 100 64 0
300 100 64 0
300 100 64 0
300 100 64 0
300 100 64 0
300 100 64 0
300 100 64 0
300 100 64 0
300 100 64 0
300 100 64 0
300 100 64 0
300 100 64 0
300 100 64 0
300 100 64 0
300 100 64 0
300 100 64 0
300 100 64 0
300 100 64 0
300 100 64 0
300 100 64 0
300 100 64 0
300 100 64 0
300 100 64 0
300 100 64 0
300 100 64 0
300 100 66 0
300 100 66 0
300 100 66 0
300 100 66 0
300 100 66 0
300 100 66 0
300 100 66 0
300 100 66 0
300 100 66 0
300 100 66 0
300 100 66 0
300 100 66 0
300 100 66 0
300 100 66 0
300 100 66 0
300 100 66 0
300 100 66 0
300 100 66 0
300 100 66 0
300 100 61 0
300 100 61 0
300 100 61 0
300 100 61 0
300 100 61 0
300 100 61 0
300 100 61 0
300 100 61 0
300 100 61 0
300 100 61 0
300 100 61 0
300 100 61 0
300 100 61 0
300 100 61 0
300 100 61 0
300 100 61 0
300 100 61 0
300 100 61 0
300 100 61 0
300 100 61 0
300 100 63 0
400 100 54 0
400 100 54 0
400 100 54 0
400 100 54 0
400 100 54 0
400 100 54 0
400 100 54 0
400 100 54 0
400 100 54 0
400 100 54 0
400 100 54 0
400 100 54 0
400 100 54 0
400 100 54 0
400 100 54 0
400 100 54 0
400 100 54 0
400 100 54 0
400 100 54 0
400 100 54 0
400 100 54 0
400 100 54 0
400 100 54 0
400 100 54 0
400 100 54 0
400 100 54 0
400 100 54 0
400 100 54 0
400 100 54 0
400 100 54 0
400 100 54 0
400 100 54 0
400 100 54 0
400 100 58 0
400 100 58 0
400 100 58 0
400 100 58 0
400 100 58 0
400 100 58 0
400 100 58 0
400 100 58 0
400 100 58 0
400 100 58 0
400 100 58 0
400 100 58 0
400 100 58 0
400 100 58 0
400 100 58 0
400 100 58 0
400 100 50 0
400 100 50 0
400 100 50 0
400 100 50 0
400 100 50 0
400 100 50 0
400 100 50 0
400 100 50 0
400 100 50 0
400 100 50 0
400 100 50 0
400 100 50 0
400 100 50 0
400 100 50 0
400 100 50 0
400 100 50 0
400 100 54 0
400 100 54 0
400 100 54 0
400 100 54 0
400 100 54 0
400 100 54 0
400 100 54 0
400 100 54 0
400 100 54 0
400 100 54 0
400 100 54 0
400 100 54 0
400 100 54 0
400 100 54 0
400 100 54 0
400 100 54 0
400 100 56 0
400 100 56 0
400 100 56 0
400 100 56 0
400 100 56 0
400 100 56 0
400 100 56 0
400 100 56 0
400 100 56 0
400 100 56 0
400 100 56 0
400 100 56 0
400 100 56 0
400 100 56 0
400 100 56 0
400 100 57 0
400 100 57 0
400 100 57 0
400 100 57 0
500 100 47 0
500 100 47 0
500 100 47 0
500 100 47 0
500 100 47 0
500 100 47 0
500 100 47 0
500 100 47 0
500 100 47 0
500 100 47 0
500 100 47 0
500 100 42 0
500 100 42 0
500 100 42 0
500 100 42 0
500 100 42 0
500 100 42 0
500 100 42 0
500 100 42 0
500 100 42 0
500 100 42 0
500 100 42 0
500 100 42 0
500 100 42 0
500 100 42 0
500 100 45 0
500 100 45 0
500 100 45 0
500 100 45 0
500 100 45 0
500 100 45 0
500 100 45 0
500 100 45 0
500 100 45 0
500 100 45 0
500 100 45 0
500 100 45 0
500 100 45 0
500 100 45 0
500 100 45 0
500 100 41 0
500 100 41 0
500 100 41 0
500 100 41 0
500 100 41 0
500 100 41 0
500 100 41 0
500 100 41 0
500 100 41 0
500 100 41 0
500 100 41 0
500 100 41 0
500 100 41 0
500 100 41 0
500 100 49 0
500 100 49 0
500 100 49 0
500 100 49 0
500 100 49 0
500 100 49 0
500 100 49 0
500 100 49 0
500 100 49 0
500 100 49 0
500 100 49 0
500 100 49 0
500 100 49 0
500 100 49 0
500 100 49 0
500 100 47 0
500 100 47 0
500 100 47 0
500 100 47 0
500 100 47 0
500 100 47 0
500 100 47 0
500 100 47 0
500 100 47 0
500 100 47 0
500 100 47 0
500 100 47 0
500 100 47 0
500 100 47 0
500 100 47 0
500 100 40 0
500 100 40 0
500 100 40 0
500 100 40 0
500 100 40 0
500 100 40 0
500 100 40 0
500 100 40 0
500 100 40 0
500 100 40 0
500 100 40 0
500 100 40 0
500 100 40 0
500 100 40 0
500 100 46 0
500 100 46 0
600 100 36 0
600 100 36 0
600 100 36 0
600 100 36 0
600 100 36 0
600 100 36 0
600 100 36 0
600 100 36 0
600 100 36 0
600 100 36 0
600 100 36 0
600 100 31 0
600 100 31 0
600 100 31 0
600 100 31 0
600 100 31 0
600 100 31 0
600 100 31 0
600 100 31 0
600 100 31 0
600 100 31 0
600 100 31 0
600 100 31 0
600 100 31 0
600 100 31 0
600 100 28 0
600 100 28 0
600 100 28 0
600 100 28 0
600 100 28 0
600 100 28 0
600 100 28 0
600 100 28 0
600 100 28 0
600 100 28 0
600 100 28 0
600 100 28 0
600 100 37 0
600 100 37 0
600 100 37 0
600 100 37 0
600 100 37 0
600 100 37 0
600 100 37 0
600 100 37 0
600 100 37 0
600 100 37 0
600 100 37 0
600 100 37 0
600 100 37 0
600 100 37 0
600 100 23 0
600 100 23 0
600 100 23 0
600 100 23 0
600 100 23 0
600 100 23 0
600 100 23 0
600 100 23 0
600 100 23 0
600 100 23 0
600 100 23 0
600 100 23 0
600 100 26 0
600 100 26 0
600 100 26 0
600 100 26 0
600 100 26 0
600 100 26 0
600 100 26 0
600 100 26 0
600 100 26 0
600 100 26 0
600 100 26 0
600 100 26 0
600 100 26 0
600 100 37 0
600 100 37 0
600 100 37 0
600 100 37 0
600 100 37 0
600 100 37 0
600 100 37 0
600 100 37 0
600 100 37 0
600 100 37 0
600 100 37 0
600 100 37 0
600 100 37 0
600 100 31 0
600 100 31 0
600 100 31 0
600 100 31 0
600 100 31 0
600 100 31 0
600 100 31 0
600 100 31 0
600 100 31 0
600 100 31 0
600 100 31 0
700 100 18 0
700 100 15 0
700 100 15 0
700 100 15 0
700 100 15 0
700 100 15 0
700 100 15 0
700 100 15 0
700 100 15 0
700 100 15 0
700 100 15 0
700 100 15 0
700 100 15 0
700 100 27 0
700 100 27 0
700 100 27 0
700 100 27 0
700 100 27 0
700 100 27 0
700 100 27 0
700 100 27 0
700 100 27 0
700 100 27 0
700 100 27 0
700 100 25 0
700 100 25 0
700 100 25 0
700 100 25 0
700 100 25 0
700 100 25 0
700 100 25 0
700 100 25 0
700 100 25 0
700 100 25 0
700 100 25 0
700 100 25 0
700 100 27 0
700 100 27 0
700 100 27 0
700 100 27 0
700 100 27 0
700 100 27 0
700 100 27 0
700 100 27 0
700 100 27 0
700 100 27 0
700 100 27 0
700 100 13 0
700 100 13 0
700 100 13 0
700 100 13 0
700 100 13 0
700 100 13 0
700 100 13 0
700 100 13 0
700 100 13 0
700 100 13 0
700 100 13 0
700 100 13 0
700 100 20 0
700 100 20 0
700 100 20 0
700 100 20 0
700 100 20 0
700 100 20 0
700 100 20 0
700 100 20 0
700 100 20 0
700 100 20 0
700 100 20 0
700 100 20 0
700 100 20 0
700 100 20 0
700 100 20 0
700 100 20 0
700 100 20 0
700 100 20 0
700 100 20 0
700 100 20 0
700 100 20 0
700 100 20 0
700 100 20 0
700 100 15 0
700 100 15 0
700 100 15 0
700 100 15 0
700 100 15 0
700 100 15 0
700 100 15 0
700 100 15 0
700 100 15 0
700 100 15 0
700 100 15 0
700 100 13 0
700 100 13 0
700 100 13 0
700 100 13 0
700 100 13 0
700 100 13 0
700 100 13 0
800 100 5 0
800 100 5 0
800 100 5 0
800 100 5 0
800 100 19 0
800 100 19 0
800 100 19 0
800 100 19 0
800 100 19 0
800 100 19 0
800 100 19 0
800 100 19 0
800 100 19 0
800 100 19 0
800 100 19 0
800 100 8 0
800 100 8 0
800 100 8 0
800 100 8 0
800 100 8 0
800 100 8 0
800 100 8 0
800 100 8 0
800 100 8 0
800 100 8 0
800 100 11 0
800 100 11 0
800 100 11 0
800 100 11 0
800 100 11 0
800 100 11 0
800 100 11 0
800 100 11 0
800 100 11 0
800 100 11 0
800 100 17 0
800 100 17 0
800 100 17 0
800 100 17 0
800 100 17 0
800 100 17 0
800 100 17 0
800 100 17 0
800 100 17 0
800 100 17 0
800 100 3 0
800 100 3 0
800 100 3 0
800 100 3 0
800 100 3 0
800 100 3 0
800 100 3 0
800 100 3 0
800 100 3 0
800 100 3 0
800 100 13 0
800 100 13 0
800 100 13 0
800 100 13 0
800 100 13 0
800 100 13 0
800 100 13 0
800 100 13 0
800 100 13 0
800 100 13 0
800 100 9 0
800 100 9 0
800 100 9 0
800 100 9 0
800 100 9 0
800 100 9 0
800 100 9 0
800 100 9 0
800 100 9 0
800 100 9 0
800 100 14 0
800 100 14 0
800 100 14 0
800 100 14 0
800 100 14 0
800 100 14 0
800 100 14 0
800 100 14 0
800 100 14 0
800 100 14 0
800 100 4 0
800 100 4 0
800 100 4 0
800 100 4 0
800 100 4 0
800 100 4 0
800 100 4 0
800 100 4 0
800 100 4 0
800 100 4 0
800 100 2 0
800 100 2 0
800 100 2 0
800 100 2 0
800 100 2 0
900 100 0 0
900 100 0 0
900 100 0 0
900 100 0 0
900 100 0 0
900 100 3 0
900 100 3 0
900 100 3 0
900 100 3 0
900 100 3 0
900 100 3 0
900 100 3 0
900 100 3 0
900 100 3 0
900 100 3 0
900 100 1 0
900 100 1 0
900 100 1 0
900 100 1 0
900 100 1 0
900 100 1 0
900 100 1 0
900 100 1 0
900 100 1 0
900 100 1 0
900 100 1 0
900 100 1 0
900 100 1 0
900 100 1 0
900 100 1 0
900 100 1 0
900 100 1 0
900 100 1 0
900 100 1 0
900 100 0 0
900 100 0 0
900 100 0 0
900 100 0 0
900 100 0 0
900 100 0 0
900 100 0 0
900 100 0 0
900 100 0 0
900 100 0 0
900 100 0 0
900 100 0 0
900 100 0 0
900 100 0 0
900 100 0 0
900 100 0 0
900 100 0 0
900 100 0 0
900 100 0 0
900 100 8 0
900 100 8 0
900 100 8 0
900 100 8 0
900 100 8 0
900 100 8 0
900 100 8 0
900 100 8 0
900 100 8 0
900 100 0 0
900 100 0 0
900 100 0 0
900 100 0 0
900 100 0 0
900 100 0 0
900 100 0 0
900 100 0 0
900 100 0 0
900 100 0 0
900 100 0 0
900 100 0 0
900 100 0 0
900 100 0 0
900 100 0 0
900 100 0 0
900 100 0 0
900 100 0 0
900 100 0 0
900 100 4 0
900 100 4 0
900 100 4 0
900 100 4 0
900 100 4 0
900 100 4 0
900 100 4 0
900 100 4 0
900 100 4 0
900 100 4 0
900 100 0 0
900 100 0 0
900 100 0 0
900 100 0 0
900 100 0 0
900 100 0 0
900 100 0 0
900 100 0 0
900 100 0 0
1000 100 0 0
1000 100 0 0
1000 100 0 0
1000 100 0 0
1000 100 0 0
1000 100 0 0
1000 100 0 0
1000 100 0 0
1000 100 0 0
1000 100 0 0
1000 100 0 0
1000 100 0 0
1000 100 0 0
1000 100 0 0
1000 100 0 0
1000 100 0 0
1000 100 0 0
1000 100 0 0
1000 100 0 0
1000 100 0 0
1000 100 0 0
1000 100 0 0
1000 100 0 0
1000 100 0 0
1000 100 0 0
1000 100 0 0
1000 100 0 0
1000 100 0 0
1000 100 0 0
1000 100 0 0
1000 100 0 0
1000 100 0 0
1000 100 0 0
1000 100 0 0
1000 100 0 0
1000 100 0 0
1000 100 0 0
1000 100 0 0
1000 100 0 0
1000 100 0 0
1000 100 0 0
1000 100 0 0
1000 100 0 0
1000 100 0 0
1000 100 0 0
1000 100 0 0
1000 100 0 0
1000 100 0 0
1000 100 0 0
1000 100 0 0
1000 100 0 0
1000 100 0 0
1000 100 0 0
1000 100 0 0
1000 100 0 0
1000 100 0 0
1000 100 0 0
1000 100 0 0
1000 100 0 0
1000 100 0 0
1000 100 0 0
1000 100 0 0
1000 100 0 0
1000 100 0 0
1000 100 0 0
1000 100 0 0
1000 100 0 0
1000 100 0 0
1000 100 0 0
1000 100 0 0
1000 100 0 0
1000 100 0 0
1000 100 0 0
1000 100 0 0
1000 100 0 0
1000 100 0 0
1000 100 0 0
1000 100 0 0
1000 100 0 0
1000 100 0 0
1000 100 0 0
1000 100 0 0
1000 100 0 0
1000 100 0 0
1000 100 0 0
1000 100 0 0
1000 100 0 0
1000 100 0 0
1000 100 0 0
1000 100 0 0
1000 100 0 0
1000 100 0 0
1000 100 0 0
1000 100 0 0
1000 100 0 0
1000 100 0 0
1000 100 0 0
1000 100 0 0
1000 100 0 0
1000 100 0 0
0 1000 93 0
0 1000 96 0
0 1000 95 0
