0 100 28 49
0 100 28 49
0 100 28 49
0 100 28 49
0 100 28 49
0 100 28 49
0 100 28 49
0 100 28 49
0 100 28 49
0 100 28 49
0 100 28 49
0 100 28 49
0 100 28 49
0 100 28 49
0 100 28 49
0 100 28 49
0 100 28 49
0 100 28 49
0 100 28 49
0 100 28 49
100 100 29 44
100 100 29 44
100 100 29 44
100 100 29 44
100 100 29 44
100 100 29 44
100 100 29 44
100 100 24 35
100 100 24 35
100 100 24 35
100 100 24 35
100 100 24 35
100 100 24 35
100 100 24 35
100 100 24 35
100 100 24 35
100 100 24 35
100 100 24 35
100 100 24 35
100 100 24 35
200 100 23 27
200 100 23 27
200 100 23 27
200 100 23 27
200 100 23 27
200 100 23 27
200 100 23 27
200 100 23 27
200 100 23 27
200 100 23 27
200 100 29 33
200 100 29 33
200 100 29 33
200 100 29 33
200 100 29 33
200 100 29 33
200 100 29 33
200 100 29 33
200 100 29 33
200 100 29 33
300 100 25 26
300 100 25 26
300 100 25 26
300 100 25 26
300 100 25 26
300 100 25 26
300 100 25 26
300 100 25 26
300 100 25 26
300 100 25 26
300 100 23 25
300 100 23 25
300 100 23 25
300 100 23 25
300 100 23 25
300 100 23 25
300 100 23 25
300 100 23 25
300 100 23 25
300 100 23 25
400 100 17 18
400 100 17 18
400 100 17 18
400 100 17 18
400 100 17 18
400 100 17 18
400 100 17 18
400 100 17 18
400 100 19 15
400 100 19 15
400 100 19 15
400 100 19 15
400 100 19 15
400 100 19 15
400 100 19 15
400 100 19 15
400 100 19 15
400 100 19 15
400 100 19 15
400 100 19 15
500 100 15 12
500 100 15 12
500 100 15 12
500 100 17 11
500 100 17 11
500 100 17 11
500 100 17 11
500 100 17 11
500 100 17 11
500 100 17 11
500 100 17 11
500 100 17 11
500 100 17 11
500 100 17 11
500 100 17 11
500 100 17 11
500 100 17 11
500 100 13 14
500 100 13 14
500 100 13 14
600 100 12 12
600 100 12 12
600 100 12 12
600 100 12 12
600 100 12 12
600 100 12 12
600 100 12 12
600 100 12 12
600 100 12 12
600 100 12 12
600 100 12 6
600 100 12 6
600 100 12 6
600 100 12 6
600 100 12 6
600 100 12 6
600 100 12 6
600 100 12 6
600 100 12 6
600 100 12 6
700 100 6 2
700 100 6 2
700 100 6 2
700 100 7 8
700 100 7 8
700 100 7 8
700 100 7 8
700 100 7 8
700 100 7 8
700 100 7 8
700 100 7 8
700 100 7 8
700 100 7 8
700 100 7 8
700 100 7 6
700 100 7 6
700 100 7 6
700 100 7 6
700 100 7 6
700 100 7 6
800 100 4 4
800 100 4 4
800 100 4 4
800 100 4 4
800 100 4 4
800 100 3 1
800 100 3 1
800 100 3 1
800 100 3 1
800 100 3 1
800 100 3 1
800 100 3 1
800 100 3 1
800 100 3 1
800 100 3 1
800 100 3 1
800 100 2 1
800 100 2 1
800 100 2 1
800 100 2 1
900 100 1 0
900 100 1 0
900 100 1 0
900 100 1 0
900 100 1 0
900 100 2 1
900 100 2 1
900 100 2 1
900 100 2 1
900 100 2 1
900 100 2 1
900 100 2 1
900 100 2 1
900 100 2 1
900 100 2 1
900 100 2 1
900 100 2 1
900 100 2 1
900 100 2 1
900 100 2 1
1000 100 0 0
1000 100 0 0
1000 100 0 0
1000 100 0 0
1000 100 0 0
1000 100 0 0
1000 100 0 0
1000 100 0 0
1000 100 0 0
1000 100 0 0
1000 100 0 0
1000 100 0 0
1000 100 0 0
1000 100 0 0
1000 100 0 0
1000 100 0 0
1000 100 0 0
1000 100 0 0
1000 100 0 0
1000 100 0 0
