491.777 132.377
644.233 304.16
450.764 407.583
562.267 537.288
461.243 222.768
233.76 204.392
644.09 307.8
474.159 367.082
578.255 569.62
525.503 359.637
33.7508 374.15
698.702 261.33
410.394 219.521
357.234 128.973
544.23 430.597
305.982 409.202
655.616 155.346
689.139 619.892
537.295 357.653
307.324 38.7791
304.871 323.898
369.446 451.278
387.349 238.736
25.1827 557.688
275.988 436.98
585.83 70.2268
123.416 460.1
100.156 262.125
726.154 282.339
601.263 212.85
341.938 130.047
639.895 306.732
544.927 164.726
550.717 232.25
393.528 391.774
409.512 629.974
433.182 381.299
613.254 312.265
508.714 196.369
367.223 163.994
353.081 123.987
714.987 282.572
355.954 48.5373
469.819 206.285
591.962 377.408
529.594 376.207
292.325 424.071
592.868 328.313
644.556 267.603
505.085 282.139
514.201 147.63
329.542 111.992
372.56 530.119
298.634 61.2449
525.845 358.103
579.703 176.551
451.495 415.981
259.372 517.403
386.675 254.857
479.57 254.123
580.708 281.407
308.049 197.113
604.072 294.09
335.53 105.081
323.747 59.7108
192.194 322.018
351.403 160.175
302.013 36.4408
410.326 308.419
431.367 359.038
442.199 419.291
628.212 299.511
570.375 180.32
548.823 343.152
181.574 258.109
515.054 150.653
370.357 157.826
720.414 273.995
617.67 175.036
266.88 307.555
469.433 248.055
383.925 431.299
293.315 83.909
345.365 123.606
386.145 238.375
459.451 392.196
725.971 282.481
720.962 265.165
421.655 393.864
650.884 435.536
92.802 98.6514
123.497 366.592
452.901 312.647
727.56 254.611
528.115 354.955
380.869 284.453
162.344 511.759
264.026 578.421
401.331 306.619
104.551 195.417
398 298.273
377.951 233.848
190.053 99.3618
288.906 58.4547
540.027 364.532
358.096 70.171
288.329 102.924
335.142 83.5074
432.234 294.398
707.922 293.596
222.801 479.751
243.192 136.008
223.784 341.98
723.323 319.865
324.348 58.1061
399.754 80.5961
404.087 376.107
383.2 215.981
583.891 251.598
378.809 479.485
524.067 235.83
696.499 401.911
327.126 30.0457
250.955 480.111
579.138 546.268
625.038 380.355
324.577 31.4976
156.573 155.051
565.462 175.779
31.9517 263.106
488.302 361.423
673.861 298.124
376.133 246.779
515.722 216.696
445.868 653.785
440.763 336.724
638.066 329.645
625.358 323.77
318 91.4293
181.589 493.916
423.116 447.489
279.964 146.649
694.483 277.831
342.79 103.043
542.818 351.334
420.846 400.64
307.206 587.061
213.744 384.691
413.767 318.059
438.518 556.798
481.699 67.0301
423.061 392.478
370.452 140.074
392.743 400.637
492.694 166.673
376.583 298.497
306.965 208.467
568.355 430.705
422.128 395.448
364.084 208.014
288.542 441.859
667.551 297.576
326.569 89.3708
448.593 417.517
490.238 149.611
138.062 369.108
459.694 397.123
713.625 280.477
448.646 446.695
200.446 195.07
290.986 80.3737
496.424 260.199
723.215 279.552
532.094 360.009
725.11 81.328
679.561 139.147
262.787 649.645
282.228 40.0014
638.346 245.968
392.842 244.684
592.673 192.833
720.902 265.071
530.682 217.556
300.71 175.2
535.702 325.336
205.333 194.809
180.785 538.45
302.42 36.8992
514.182 552.908
391.849 228.262
669.898 305.125
518.9 207.72
426.489 236.582
612.425 378.901
480.14 238.682
628.307 310.314
147.876 146.104
370.996 230.856
683.568 290.998
240.631 223.291
670.549 248.724
643.964 329.379
66.5062 65.645
623.23 380.232
601.268 230.434
409.518 322.734
666.946 304.868
427.448 76.4785
567.411 411.622
329.658 19.982
345.522 545.573
470.043 404.057
324.714 240.46
283.351 430.178
685.246 323.846
246.174 414.216
333.766 306.26
533.859 321.29
413.234 299.76
308.919 473.809
454.276 386.508
431.538 360.838
608.492 192.587
399.716 298.005
363.409 189.613
452.612 384.58
679.876 251.078
280.19 372.995
408.089 354.788
307.713 107.847
305.121 176.695
458.002 407.737
674.577 718.11
650.694 332.946
621.14 348.546
503.219 324.267
654.954 167.111
370.194 175.846
611.627 625.794
489.2 376.873
369.536 504.297
496.396 525.217
568.769 181.648
246.863 573.377
229.527 423.479
349.803 398.104
459.533 402.44
339.201 231.737
378.56 386.026
580.844 206.374
157.764 125.946
463.586 196.351
455.485 387.577
395.759 239.508
612.184 169.086
417.661 295.017
252.4 147.205
706.686 289.873
421.512 412.352
496.998 128.879
564.149 334.765
289.684 428.932
403.676 74.2349
371.975 217.801
352.348 241.409
319.834 110.946
634.305 243.48
215.514 704.757
691.411 453.426
731.793 287.594
146.853 300.583
400.782 294.941
264.207 493.634
427.055 421.253
309.17 250.196
353.31 47.1342
345.509 386.111
713.447 247.852
538.97 350.524
425.682 360.735
420.853 394.799
723.416 278.15
405.391 350.685
123.558 373.772
423.086 390.528
543.634 566.777
339.297 47.4537
313.971 57.5574
658.272 276.527
380.618 290.445
735.575 424.343
97.9612 622.659
553.547 356.852
336.128 334.346
127.858 582.808
321.978 231.467
269.606 239.356
417.246 68.5016
347.232 155.886
330.059 72.8591
663.462 314.646
503.21 311.371
669.232 305.868
706.79 620.467
446.739 357.201
656.772 309.868
689.423 604.18
414.074 425.027
537.802 173.076
285.084 171.17
449.817 114.364
357.142 178.662
573.46 342.555
483.321 323.773
570.939 154.19
313.092 139.883
442.158 386.684
428.291 365.586
533.109 202.152
443.02 211.351
573.079 706.935
503.929 121.872
345.846 100.427
311.962 52.9714
421.564 334.367
722.729 277.861
628.187 467.78
453.899 167.097
315.177 409.592
342.232 145.323
547.147 447.626
549.476 462.452
384.594 155.706
184.32 332.287
156.892 56.9504
447.121 382.731
170.266 665.927
452.227 393.071
721.073 275.765
244.638 431.72
678.545 132.13
491.859 594.368
715.771 62.5707
431.591 135.641
580.94 701.26
495.695 543.079
635.573 300.954
472.245 518.74
461.834 493.533
704.609 317.713
422.205 612.197
425.277 138.615
700.278 270.75
388.086 252.983
326.562 29.6037
348.754 86.4966
427.003 413.667
644.595 232.893
232.771 196.009
435.713 239.307
707.064 284.821
597.197 295.058
575.079 273.879
728.103 254.376
396.84 70.566
432.334 229.894
581.705 179.809
471.983 201.974
385.866 62.6167
330.975 218.621
609.343 266.355
385.143 133.871
660.549 235.391
217.894 262.292
722.533 278.518
705.33 212.204
255.006 253.669
341.325 128.152
363.999 634.207
378.156 77.1704
436.47 373.42
292.353 28.2923
484.81 394.416
327.641 358.253
408.8 158.637
722.144 263.048
426.952 523.982
711.978 252.103
584.996 351.455
408.104 474.077
699.566 303.976
316.343 38.6563
352.714 363.074
455.717 574.565
710.183 68.22
302.243 535.803
167.88 314.093
645.629 298.664
459.862 399.316
666.087 301.937
688.895 288.032
353.779 162.668
120.967 345.344
488.698 270.577
372.81 58.8606
517.827 185.314
392.027 450.906
306.345 39.5874
417.15 290.145
569.571 583.172
635.692 514.022
287.147 302.181
318.087 37.0085
378.955 240.683
694.622 626.353
449.16 303.112
506.822 283.513
721.341 276.33
474.354 285.281
352.736 37.0208
660.17 216.853
314.299 270.958
426.055 413.021
41.5393 413.717
722.803 260.124
720.682 275.139
471.928 71.3581
555.674 341.414
164.743 407.54
304.297 38.4796
726.147 281.899
358.858 61.6578
721.883 278.421
629.955 206.654
440.026 566.103
721.171 274.124
243.578 436.076
305.322 40.2701
32.7051 190.432
466.811 413.321
279.689 198.764
629.733 317.015
619.589 252.936
636.757 104.816
708.746 271.16
454.565 388.075
723.851 280.491
419.153 182.28
331.703 85.6751
469.701 617.101
659.041 310.14
383.33 236.935
674.656 276.072
393.959 301.613
433.037 382.529
428.818 132.41
271.485 477.832
327.228 76.8365
542.9 191.02
456.718 154.028
548.266 221.915
720.759 272.642
373.423 288.32
543.617 469.839
328.31 20.6116
482.536 374.454
475.523 125.475
294.068 50.7986
497.444 345.02
321.165 55.4634
705.835 287.116
451.263 80.4113
608.454 206.741
481.412 305.292
546.764 329.222
376.574 399.802
499.899 358.975
603.783 432.334
302.235 383.737
374.557 244.311
416.591 392.128
391.8 278.273
720.923 265.634
426.888 363.925
281.113 153.765
421.564 340.904
573.713 167.99
65.3967 596.581
439.966 311.955
712.979 110.713
322.632 77.792
374.613 207.178
202.193 444.152
299.721 102.706
160.325 428.072
325.194 456.967
381.022 230.822
149.025 157.994
543.163 270.492
451.786 222.658
564.319 381.158
334.599 57.1908
392.996 231.092
339.207 126.698
289.622 122.798
313.732 106.137
559.139 47.5686
370.095 227.548
685.532 722.384
337.401 45.4805
711.446 228.035
420.803 340.333
316.062 37.1563
573.663 347.718
273.297 230.545
722.746 276.256
721.762 276.63
376.178 556.719
22.7655 15.0322
420.849 47.261
523.686 355.79
311.317 60.4346
506.251 344.506
300.688 148.504
356.859 81.0575
611.667 506.618
462.843 106.446
574.061 351.845
434.204 129.729
380.177 107.636
574.018 183.363
721.367 271.587
698.629 292.18
412.938 77.5316
388.362 258.063
341.082 48.9929
721.568 277.705
448.284 299.297
299.834 45.7432
536.605 357.592
479.842 441.763
479.117 290.051
392.425 59.7845
134.188 109.049
411.279 244.347
292.169 43.3658
242.593 494.04
378.452 256.798
726.722 282.371
294.753 56.9788
429.982 366.84
351.467 110.809
415.922 561.199
723.617 278.165
302.51 302.827
355.703 76.3239
453.733 387.736
368.39 174.117
315.669 186.446
357.123 181.666
315.087 38.6692
388.404 290.217
494.696 415.933
456.035 353.68
619.379 326.727
236.824 219.52
336.218 290.968
689.06 251.122
588.207 327.31
721.144 275.994
666.629 292.374
333.361 395.185
366.92 181.56
546.058 347.974
291.649 27.071
448.082 188.925
561.12 499.613
588.072 412.337
274.807 112.536
443.173 129.834
149.084 487.655
504.64 183.64
450.219 108.971
158.875 202.038
395.813 621.503
720.244 270.571
233.995 218.817
349.103 84.4249
355.837 130.749
482.939 592.04
703.782 283.728
562.763 166.791
68.5011 157.072
539.418 294.016
204.27 591.496
667.534 300.735
697.057 261.34
114.514 397.936
552.906 328.124
310.073 46.5844
429.281 103.527
601.55 402.634
494.948 431.223
442.617 109.262
661.575 319.891
331.876 111.532
632.762 323.26
691.682 285.092
647.505 262.124
359.369 653.268
677.357 32.5768
182.575 219.984
290.98 30.6702
512.716 244.177
121.973 237.291
544.749 115.083
711.072 335.742
448.262 69.8355
531.909 491.061
681.593 262.64
329.346 23.8167
369.725 351.408
637.518 226.079
393.049 296.031
379.412 637.784
149.346 527.288
298.683 234.305
206.503 331.654
627.456 316.095
426.397 387.668
619.833 178.739
421.528 406.57
720.534 270.698
486.529 417.426
558.171 352.991
158.54 531.698
421.988 297.837
452.082 376.626
677.529 280.149
561.226 162.909
735.012 371.86
402.121 573.777
368.805 266.532
365.829 354.409
540.296 342.001
375.493 392.35
660.032 238.118
705.979 264.191
363.654 56.9883
320.025 36.8534
359.708 195.324
340.754 330.298
71.2952 342.446
311.555 260.851
429.893 383.184
216.596 542.544
725.893 284.102
364.565 384.1
389.66 167.478
343.399 396.989
368.641 179.565
388.956 131.922
271.745 151.918
382.343 617.228
721.353 276.885
140.215 312.255
582.577 525.212
509.799 475.174
344.874 426.503
160.03 491.781
399.394 351.757
468.433 211.859
647.1 554.271
402.91 259.278
549.208 450.323
505.334 140.909
315.74 39.1552
721.363 263.14
509.034 368.104
272.58 113.26
628.061 652.65
330.975 86.81
578.192 374.486
402.974 306.695
576.712 289.765
435.23 558.261
723.701 278.588
469.194 121.532
168.2 221.617
186.23 271.261
446.869 401.066
691.951 289.984
339.434 21.2652
346.515 142.204
660.306 234.036
573.807 196.598
550.706 352.296
660.442 293.659
331.585 180.458
595.036 253.043
277.394 153.29
424.527 565.062
622.743 564.692
94.2962 342.184
531.28 118.269
27.6124 256.367
278.06 72.5375
492.548 361.448
506.533 367.194
321.319 36.1479
361.649 160.272
455.078 335.475
233.033 191.428
437.768 355.501
426.968 420.703
534.798 696.957
339.862 42.4258
303.18 134.665
445.693 274.656
427.898 63.4952
513.239 516.079
158.886 229.976
525.033 536.616
639.581 307.876
728.106 284.834
318.571 45.0925
345.113 295.647
205.258 600.541
298.323 63.0244
516.459 149.978
585.196 479.441
680.132 312.159
683.571 268.452
46.6776 404.363
359.325 524.901
699.527 295.392
333.717 91.539
308.086 38.9019
395.61 401.259
318.854 37.3707
260.83 157.877
719.045 251.226
720.871 264.779
375.625 242.676
287.252 270.323
244.529 313.463
438.564 586.036
316.42 93.3678
356.382 176.635
630.227 508.63
