302.698 36.9218
448.837 377.983
501.782 369.125
564.1 308.351
695.043 562.628
686.748 291.11
453.916 214.053
58.8326 323.804
315.644 324.606
443.005 381.263
486.138 345.238
401.967 329.734
678.257 250.081
329.271 74.8594
303.254 38.8237
718.242 161.338
560.56 361.029
628.703 372.923
371.853 239.385
634.665 326.209
702.982 257.188
484.586 517.571
564.989 591.457
503.833 161.299
322.027 85.8376
530.011 325.227
320.405 63.0529
539.338 417.851
693.93 263.491
379.701 497.119
425.947 291.322
341.885 349.043
647.172 221.288
360.457 561.985
668.917 164.308
72.202 303.202
290.48 460.893
677.922 320.896
351.716 58.6912
304.891 41.0873
632.489 325.43
552.359 173.844
448.021 125.548
696.992 287.526
250.984 27.2317
413.691 544.876
683.697 163.317
374.793 76.0021
489.971 385.853
317.389 38.1352
475.958 258.863
326.811 29.4383
557.277 348.871
423.915 107.804
569.097 427.045
374.574 100.113
490.608 379.759
490.192 240.52
720.778 267.054
288.555 356.203
367.694 112.89
190.054 418.697
618.003 203.957
273.834 282.249
554.273 317.555
304.76 244.44
567.597 334.245
671.297 287.855
60.0887 186.831
375.745 202.084
598.448 283.764
710.679 269.916
385.528 431.88
522.642 304.956
450.448 35.1411
628.483 201.516
592.732 653.392
714.746 290.625
475.681 460.645
721.751 266.559
563.354 299.329
517.964 588.14
456.781 409.927
492.755 447.188
705.878 287.527
571.415 176.764
483.577 528.562
367.097 192.793
393.889 258.541
429.095 414.054
720.359 273.039
303.58 38.8137
315.529 37.9988
478.079 605.428
55.662 32.4905
339.679 284.947
645.928 204.721
260.101 257.03
237.384 536.651
419.833 435.703
443.271 479.15
543.796 432.97
425.247 412.886
426.993 516.32
680.177 185.467
373.497 67.4429
427.938 104.177
656.858 590.748
93.552 594.882
201.589 240.921
613.585 499.126
717.616 277.688
410.35 289.437
425.412 412.098
608.556 434.368
260.219 591.459
118.502 644.973
720.599 273.589
80.6513 200.122
560.434 305.625
409.633 91.5862
290.424 434.243
730.558 254.877
724.167 258.957
328.74 46.0948
359.3 147.7
542.63 357.46
722.46 262.461
70.179 201.394
29.8105 675.279
353.118 181.672
241.499 253.146
606.139 304.656
243.901 568.939
592.609 435.423
446.214 381.036
351.461 258.882
690.21 292.251
258.641 415.737
448.565 377.533
673.095 66.035
397.852 444.448
449.599 292.764
688.947 414.515
294.493 536.46
379.703 388.002
538.88 608.033
585.288 235.901
670.697 308.866
706.611 631.293
580.004 186.466
674.288 242.002
531.555 298.155
705.422 288.546
483.087 371.774
283.673 214.246
374.778 19.9244
338.913 119.943
356.014 139.066
730.113 212.138
467.564 166.46
659.9 376.066
315.852 143.685
479.474 509.864
320.175 35.5098
490.484 371.64
422.807 136.911
269.668 323.343
320.192 35.802
454.939 251.981
104.806 54.3888
620.717 216.998
274.701 174.579
101.66 61.5137
339.004 198.371
471.243 222.48
577.653 478.118
337.53 114.335
251.308 208.972
472.651 273.036
427.096 356.036
542.136 364.095
384.156 74.0728
452.145 442.91
535.971 395.745
444.962 419.247
444.585 403.991
430.262 415.757
262.173 519.669
365.526 343.886
343.482 236.461
34.4484 125.197
398.734 337.879
622.959 211.584
303.704 405.025
438.604 459.345
387.73 542.947
619.91 418.871
611.576 292.201
335.464 52.4178
433.416 382.381
628.663 274.294
320.026 341.371
414.808 133.983
303.98 103.127
322.179 43.6917
719.697 506.084
721.504 264.351
386.209 234.321
438.858 419.318
302.421 42.8871
402.949 145.147
732.248 223.81
273.186 67.5321
663.36 308.206
538.99 447.161
328.99 406.379
324.938 42.6278
309.9 39.5354
443.168 597.605
676.674 157.905
124.99 519.322
427.683 384.985
134.963 387.059
227.954 174.992
535.916 459.867
404.058 224.191
578.835 183.887
40.8214 102.594
549.269 357.246
442.506 299.889
201.341 505.293
497.582 383.285
731.233 300.133
721.273 271.806
309.255 314.975
722.799 278.708
646.341 304.177
382.913 731.861
68.5083 116.394
459.778 592.197
82.006 515.697
303.075 361.456
669.975 213.188
437.359 286.744
347.785 165.28
722.841 261.159
274.961 377.172
374.624 187.075
409.229 126.077
704.31 25.2811
668.069 26.1288
454.181 409.138
667.564 688.011
109.276 119.773
549.001 560.666
570.927 457.683
297.895 319.251
151.114 327.789
318.611 73.5599
593.63 479.264
632.114 293.691
175.455 392.57
587.943 323.415
408.448 53.8503
337.202 39.2893
474.42 394.983
341.324 182.36
695.081 601.2
456.333 391.893
497.283 440.369
322.81 33.482
704.37 281.183
629.148 235.898
411.077 93.0676
328.457 51.7697
592.989 542.423
728.288 284.952
380.995 247.881
436.496 476.055
692.435 287.687
424.003 260.324
506.413 632.607
298.244 244.605
241.129 172.63
296.146 410.724
724.017 139.272
267.032 204.542
375.685 397.098
536.752 344.909
326.848 106.071
428.174 219.719
606.593 189.333
479.41 586.069
530.846 225.103
388.546 81.271
193.773 153.769
671.304 527.017
102.896 348.437
438.654 512.843
163.217 647.314
529.595 590.142
510.938 148.011
656.287 311.712
521.86 280.893
672.367 345.312
617.899 314.223
403.952 346.296
276.034 339.076
342.909 24.4615
250.406 379.242
538.766 193.238
706.143 270.693
720.96 266.382
481.846 127.28
466.202 123.335
433.178 381.819
531.939 442.662
359.374 212.737
508.141 282.348
598.231 490.091
644.576 327.882
316.081 646.794
398.613 235.308
321.626 71.6682
49.284 572.42
371.041 507.489
182.01 500.538
351.369 460.725
559.592 295.485
720.428 268.443
455.315 387.79
412.928 410.556
655.214 222.256
545.661 169.811
601.219 672.276
459.212 136.662
469.409 347.177
576.011 314.27
325.879 606.307
221.204 273.577
456.874 57.5335
226.741 353.745
403.141 90.1518
577.088 566.18
238.32 186.748
634.019 344.357
326.363 106.368
653.643 480.219
647.284 459.101
129.827 119.399
52.6083 294.664
649.432 310.762
720.386 272.148
437.086 419.1
332.506 106.642
354.966 582.234
690.918 178.133
400.424 247.891
96.0248 706.613
454.79 346.069
562.531 369.246
488.103 306.819
277.456 184.344
216.583 168.484
721.945 276.697
410.171 327.58
484.911 182.25
387.182 198.7
432.022 416.947
344.442 127.656
265.983 229.175
382.144 228.535
468.143 354.004
506.651 530.596
457.749 358.859
500.007 525.897
430.44 416.628
365.437 573.523
385.19 226.821
84.0592 184.779
282.821 90.3754
215.124 398.737
420.753 399.998
373.523 241.075
423.99 380.335
436.216 425.835
640.678 229.814
165.862 194.689
722.194 261.643
699.228 313.289
459.994 458.114
46.1256 644.169
702.178 279.301
575.338 345.315
626.784 211.749
627.956 349.998
643.83 351.401
409.762 394.513
468.171 456.633
255.995 225.942
631.006 215.825
185.705 443.838
690.387 293.696
378.7 102.972
240.545 430.691
589.057 356.932
691.147 290.629
589.434 392.465
469.67 519.459
612.646 307.159
321.685 48.1049
656.05 299.831
368.379 61.8368
316.997 302.433
162.366 177.352
613.602 543.068
722.565 278.949
722.249 276.893
155.105 308.05
423.529 390.24
702.272 597.066
688.453 352.623
507.117 373.967
448.965 417.381
603.639 405.471
267.88 612.71
660.218 229.836
687.626 294.495
715.32 277.276
430.754 281.841
330.964 122.802
546.47 372.141
285.593 423.131
635.501 223.885
421.422 406.012
205.357 425.218
730.048 286.131
564.495 195.54
534.682 78.1592
434.726 382.65
430.935 382.286
504.587 418.301
676.322 302.474
339.626 41.7144
148.614 651.992
696.19 67.4367
307.361 99.5339
696.61 658.174
478.881 114.39
243.037 368.888
376.246 60.0463
601.028 188.914
247.412 650.194
257.103 154.528
264.313 95.1798
423.802 153.704
657.893 264.458
577.203 344.298
441.996 97.5121
342.253 32.348
720.839 266.707
466.212 170.965
315.158 38.8372
218.849 511.96
364.502 199.623
387.267 291.864
432.92 567.02
670.789 204.873
394.298 239.759
330.92 74.1108
478.916 479.479
724.955 258.547
720.126 268.993
420.527 395.969
541.023 358.382
737.064 288.454
720.987 265.083
464.772 390.086
285.631 177.795
630.862 138.985
432.546 544.784
290.079 450.346
380.266 228.399
152.55 384.41
252.504 246.821
293.889 84.4256
422.233 381.547
504.958 292.953
388.808 210.74
362.454 269.137
720.414 268.252
427.195 414.771
446.847 331.575
222.533 284.199
346.393 258.317
634.126 313.173
418.426 310.421
433.058 381.618
184.048 572.28
552.215 332.996
290.907 455.2
435.466 426.245
670.112 372.554
237.009 670.15
469.133 388.444
378.809 455.796
156.565 471.886
503.182 343.001
160.215 93.4279
530.498 341.263
179.371 586.591
238.106 79.9021
261.461 270.161
409.053 161.861
608.625 256.766
614.775 211.113
433.478 282.67
418.106 413.129
355.203 173.814
540.092 346.3
485.458 285.413
388.291 290.556
323.767 100.264
216.127 155.655
281.019 153.848
670.114 304.337
420.335 403.489
341.694 206.714
218.443 679.256
618.295 326.467
520.933 104.668
615.01 425.037
362.21 284.422
564.146 320.003
684.486 282.836
503.94 536.209
204.038 431.977
357.615 182.609
505.27 589.087
570.323 344.436
549.869 503.22
241.875 169.999
593.029 425.838
708.501 284.497
394.285 86.8888
724.965 282.585
538.883 167.072
228.645 432.384
317.255 43.024
229.442 479.452
91.9053 194.9
357.269 268.837
207.554 227.461
457.245 597.375
681.037 348.692
450.302 236.954
118.163 648.116
580.273 486.224
322.888 97.2012
507.969 276.821
528.808 213.603
240.739 377.748
210.922 553.837
295.095 106.244
684.465 177.007
577.994 157.958
721.295 430.45
653.806 313.531
214.873 145.567
98.04 325.689
458.857 402.059
498.927 574.375
490.396 391.105
420.651 288.264
285.213 108.722
583.956 330.594
372.592 190.105
327.515 267.403
474.55 142.769
338.421 232.884
498.146 181.955
372.286 535.106
685.26 374.951
431.655 166.947
353.714 41.5703
478.431 202.793
612.424 321.471
308.879 142.9
695.277 579.107
565.373 529.187
437.925 227.317
679.71 92.1579
562.208 177.395
148.572 641.449
566.37 412.309
542.774 478.6
219.422 556.756
428.615 383.992
681.417 296.938
423.837 408.78
638.272 314.319
154.771 556.73
704.864 344.067
310.229 92.299
668.86 404.84
632.801 364.738
431.694 154.262
304.19 324.912
721.614 276.926
717.131 297.701
663.396 305.705
523.115 261.956
532.03 417.885
497.015 368.851
194.256 353.953
381.947 560.369
405.805 575.677
670.51 203.249
696.461 393.39
419.85 187.96
296.543 602.628
692.272 279.125
419.245 379.881
589.861 287.287
346.28 329.399
715.475 275.498
421.521 406.95
677.015 374.165
392.658 383.956
121.121 541.01
410.016 303.102
313.3 39.0957
553.724 620.953
378.006 432.408
294.561 155.458
312.63 39.1515
314.806 97.8552
414.288 94.8431
680.093 559.768
432.742 88.098
463.994 415.348
734.759 289.178
397.579 163.961
664.347 649.529
423.554 263.692
345.913 666.761
708.539 487.295
388.605 65.6489
296.217 32.2403
722.177 262.844
694.697 239.077
677.593 450.953
341.347 77.135
325.01 32.4991
604.237 198.02
722.107 278.732
228.007 203.434
442.046 390.899
392.189 602.668
396.139 346.136
728.509 285.986
329.688 80.041
118.853 647.387
347.945 375.691
649.968 627.913
477.596 401.341
677.303 320.98
708.186 431.058
301.608 239.003
648.312 330.646
705.152 268.714
392.026 313.982
533.376 467.354
242.605 89.6221
267.111 89.9597
722.034 277.959
431.343 240.06
430.746 159.437
732.642 287.887
443.061 381.186
81.7496 660.438
578.608 247.017
362.271 561.199
657.985 375.679
329.515 20.076
609.233 583.011
334.252 49.4607
434.104 381.258
310.402 40.8903
721.759 276.71
352.366 337.611
400.714 216.511
354.93 461.757
579.238 584.907
638.636 299.674
373.98 189.399
542.718 206.044
590.85 542.73
421.665 407.422
86.8195 286.25
424.542 410.795
388.654 273.772
713.824 274.445
265.434 97.2347
677.556 418.81
356.074 152.274
654.739 306.106
515.526 596.741
304.082 38.3228
259.469 276.68
486.493 44.6611
433.685 382.286
493.761 341.953
308.287 276.347
683.616 456.509
200.805 491.495
277.951 387.352
677.487 311.517
498.791 141.514
712.191 556.034
552.84 517.389
320.935 683.197
574.18 239.498
303.577 469.579
521.014 365.753
523.318 475.582
563.735 518.45
342.689 58.8005
502.052 217.535
425.475 412.403
302.426 37.6476
712.693 272.494
376.673 443.652
363.074 295.65
693.907 291.685
205.749 197.651
158.383 525.267
432.793 381.549
573.696 136.057
438.7 430.433
556.103 633.064
542.169 412.538
721.637 265.245
728.041 254.242
455.683 411.539
592.07 318.273
422.888 389.939
543.64 239.986
375.026 235.292
